$ANSIBLE_VAULT;1.1;AES256
64343837633232343266363666666231383163633963616138306539396231636532346231323562
3562623563363231346439323732333863393962623633370a653461626237643938383361306664
37376365373664383364613362346135313832306161303632316462626465346133643531626535
3163336665613065350a353161656438633136626636383331353536376566313164626432306162
65326235316239346366333164396636346466363536623338333264633634313338633732653134
36333164643134636639376666323865366432336465343332303739373431646366313963343566
37666663386362623862336234666439323739313738396530643233353864373231363266393037
33663532356465366466313639646234623964333737653463366366373236333334656231663065
66666131633834636561363461623364363263326239383363313434613662633533623431336362
65666666393166623063383639623765396338613063636239396539396537366230623537346230
66616364663735303232633631376537396239616334663037363433333133653264653934616439
39303237386334636433373734633337376237376236326664313462366235356331663433326432
39366364356531653430373735646464303531616138343034373763313862323235646266336465
65303437646263623464343165646462323133383664626161323965396161346337643230383338
34616531643133613330613930623437316431373830633165663734656339363232636163316339
61303963336133643438633564393765393934373662316336346465653464623338323439656634
38363464653733643962306662336535336362636539353261353430333735326461376436613236
66643733663061613964623466663065616337373231623031663234373032303735636663626464
39323732616639396130313830313763323264326633353162636163633361366236323437333862
34613236626632363064323262303263633339633866303335316265313965366237356363636337
36336336376462653937333965386661363633303965653666386139633531393135346362636539
39333838383535323731613365616537363838646238336565633166613531643238643530333561
34653331333237336461356334326232613463333534343736363135336462346666346235363033
66643237336239313034613735386536663033353463613866363562616633306438396634363837
33666161356562633166626466333039373930386530653538353664323636393933633037376437
30303038356632623737663832633838393061646237633964356166383661633037366362326231
62626339636635376163303632313533666432353237383965313132626431396235386137613334
33303932633965663436303637306261326364343834666637333861333733643737373937653061
32656530306261306139343563386337396637373236373133626337613462643066656261653563
36333066303461343165653562303238323939656465376162383831366232613232613631353632
37353933353638376632333266373639663366313039353839616437643934653663333139383437
31333135376239646437646439613561613434356666653038306336656436666130343337373739
3737
